[[483.04465 241.91763]] 
[[519.86444 241.27953]] 
[[557.0056  241.03136]] 
[[594.67615 239.85266]] 
[[632.592   239.90636]] 
[[670.1497  239.44713]] 
[[707.95056 239.05684]] 
[[746.02637 239.04523]] 
[[784.00916 238.9763 ]] 
[[483.08945 279.3426 ]] 
[[520.02386 278.97488]] 
[[557.0572  278.02255]] 
[[595.05566 277.97116]] 
[[632.7761  276.77426]] 
[[670.1031  277.21338]] 
[[709.02045 276.9963 ]] 
[[746.592   276.96188]] 
[[784.00464 276.9742 ]] 
[[483.07324 316.65372]] 
[[520.1652  316.13065]] 
[[556.92084 316.00577]] 
[[595.06934 315.27087]] 
[[632.94806 315.03897]] 
[[670.93195 315.02762]] 
[[709.1683  314.86633]] 
[[746.8972  314.62527]] 
[[784.57404 314.34885]] 
[[482.7999  354.31323]] 
[[519.8264 354.1734]] 
[[557.24915 353.8249 ]] 
[[595.2461  352.97815]] 
[[633.1657  353.12317]] 
[[671.04236 352.97516]] 
[[708.9998  352.90036]] 
[[747.1502  352.79788]] 
[[784.98474 352.58676]] 
[[483.15778 392.07272]] 
[[520.41864 391.9029 ]] 
[[557.89435 391.24762]] 
[[595.9376  390.85397]] 
[[633.0627  391.15015]] 
[[671.01715 390.76993]] 
[[709.41003 390.8767 ]] 
[[747.1176  390.48367]] 
[[784.87054 390.31445]] 
[[483.82812 429.15634]] 
[[520.9716 428.9762]] 
[[558.06    428.93408]] 
[[596.0716  429.05533]] 
[[633.96686 428.9951 ]] 
[[671.89087 428.873  ]] 
[[710.1432 428.5691]] 
[[747.6707  428.30322]] 
[[785.52997 428.06485]] 
